北海道支店,060-0001札幌市中央区北1条西7-4　パシフィックマークス札幌北1条,050(3684)4086 ,011(280)7335

ソリューション営業部,060-0001札幌市中央区北1条西7-4　パシフィックマークス札幌北1条,050(3684)4086 ,011(280)7335

医療圏営業部,060-0001札幌市中央区北1条西7-4　パシフィックマークス札幌北1条,050(3684)4086 ,011(280)7335

	循環器営業課,060-0001札幌市中央区北1条西7-4　パシフィックマークス札幌北1条,050(3684)4086,011(280)7335

	札幌民間マーケティンググループ,060-0001札幌市中央区北1条西7-4　パシフィックマークス札幌北1条,050(3684)4262,011(280)7335

	札幌営業所,060-0001札幌市中央区北1条西7-4　パシフィックマークス札幌北1条,050(3684)4098 ,011(280)7335

	苫小牧営業所,059-1302苫小牧市拓勇西町4丁目3-1,050(3684)9200 ,0144(51)7351

	函館営業所,040-0015函館市梁川町5-10　プライム函館EAST 5F,050(3684)9172 ,0138(51)3761

	旭川営業所,078-8349旭川市東光9条4丁目2-10,050(3684)9033 ,0166(34)7414

	釧路営業所,085-0054釧路市暁町1-2　セブンビル1F,050(3684)6824 ,0154(25)1856

	釧路営業所（帯広出張所）,080-0018帯広市西8条南16-2　渡辺ビル1F,050(3684)4299 ,0155(23)5660

東北支店,981-3133仙台市泉区泉中央4-29-7,050(3819)4782 ,022(375)7005

循環器営業部,981-3133仙台市泉区泉中央4-29-7,050(3819)4782 ,022(375)7005

ソリューション営業部,981-3133仙台市泉区泉中央4-29-7,050(3819)4782 ,022(375)7005

医療圏営業一部,020-0866盛岡市本宮3-35-25,050(3819)4826 ,019(631)1618

	青森営業所（弘前係）,036-8002弘前市大字駅前2-6-3,050(3819)4876,0172(80)2100

	青森営業所（八戸係）,039-1164八戸市下長1-18-18,050(3819)4879,0178(28)3060

	秋田営業所,010-0041秋田市広面字糠塚66-1,050(3819)4875 ,018(834)0220

	盛岡営業所,020-0866盛岡市本宮3-35-25,050(3819)4826 ,019(631)1618

医療圏営業二部,981-3133仙台市泉区泉中央4-29-7,050(3819)4782 ,022(375)7005

	仙台営業所,981-3133仙台市泉区泉中央4-29-7,050(3819)4783 ,022(375)7005

	山形営業所,990-2451山形市吉原1-13-9,050(3819)4773 ,023(646)8732

	郡山営業所,963-8041郡山市富田町坦ノ腰58-1　第2ヨコヤマビル,050(3819)4817 ,024(961)3645

GP営業部,981-3133仙台市泉区泉中央4-29-7,050(3819)4782,022(375)7005

	仙台民間マーケティンググループ,981-3133仙台市泉区泉中央4-29-7,050(3819)4783 ,022(375)7005


東関東支店,260-0843千葉市中央区末広4-21-21,050(3822)5495,043(208)2012

循環器営業部,260-0843千葉市中央区末広4-21-21,050(3822)5565,043(208)2011

ソリューション営業部,260-0843千葉市中央区末広4-21-21,050(3822)5495,043(208)2012

病院営業部,260-0843千葉市中央区末広4-21-21,050(3822)5565,043(208)2011

	千葉営業所,260-0843千葉市中央区末広4-21-21,050(3822)5565,043(208)2011

	千葉西営業所,270-2225松戸市東松戸1-3-14,050(3820)7047,047(394)1233

	千葉湾岸営業所,260-0843千葉市中央区末広4-21-21,050(3822)5565,043(208)2011

	成田営業所,286-0221富里市七栄1002-5,050(3822)5566,0476(91)0762

医療圏営業部,305-0045つくば市梅園2-6-50,050(3819)4702,029(863)2235

	水戸営業所,310-0851水戸市千波町1961-1,050(3820)7053,029(243)2720

	筑波営業所,305-0045つくば市梅園2-6-50,050(3819)4702,029(863)2235

	宇都宮営業所,321-0105宇都宮市横田新町12-6,050(3822)5577,028(655)4377

北関東支店,336-0024さいたま市南区根岸3-16-17,050(3822)4644 ,048(866)0707

循環器営業部,336-0024さいたま市南区根岸3-16-17,050(3822)4649 ,048(866)0707

ソリューション営業部,336-0024さいたま市南区根岸3-16-17,050(3822)4649,048(866)0707

病院営業部,336-0024さいたま市南区根岸3-16-17,050(3822)4675,048(862)6692

	埼玉第一営業所,336-0024さいたま市南区根岸3-16-17,050(3822)4675 ,048(862)6692

	埼玉第二営業所,336-0024さいたま市南区根岸3-16-17,050(3822)4675 ,048(862)6692

	川越営業所,350-0811川越市大字小堤907-34,050(3819)4745 ,049(233)7600

医療圏営業部,371-0854前橋市大渡町1-11-2,050(3822)4704 ,027(210)7738

	前橋第一営業所,371-0854前橋市大渡町1-11-2,050(3822)4704 ,027(210)7738

	前橋第二営業所,371-0854前橋市大渡町1-11-2,050(3822)4704 ,027(210)7738

	新潟営業所（新潟オフィス）,950-0932新潟市中央区長潟3-8-11,050(3822)4707 ,025(287)4747

	新潟営業所（長岡オフィス）,940-0833長岡市笹崎1-7-15,050(3822)4720 ,0258(36)8672

	長野営業所,380-0905長野市鶴賀七瀬南部368-1,050(3822)4771 ,026(227)5092

	松本営業所,390-0815松本市深志2-5-26 松本第一ビル7F,050(3822)4774 ,0263(33)1862

東京支社,112-0002文京区小石川1-1-1　文京ガーデンゲートタワー6F,050(3822)2071 ,03(3815)9440

循環器営業部,112-0002文京区小石川1-1-1　文京ガーデンゲートタワー6F,050(3822)3701 ,03(3815)9680

ソリューション営業部,112-0002文京区小石川1-1-1　文京ガーデンゲートタワー6F,050(3822)3450 ,03(3815)9440

病院営業一部,112-0002文京区小石川1-1-1　文京ガーデンゲートタワー6F,050(3822)3679,03(3815)9680

	城北営業所,112-0002文京区小石川1-1-1　文京ガーデンゲートタワー6F,050(3822)3679 ,03(3815)9680

	世田谷営業所,141-0022品川区東五反田1-11-15　電波ビル3F,050(3822)3711 ,03(3280)5665

	臨海営業所,141-0022品川区東五反田1-11-15　電波ビル3F,050(3822)3708 ,03(3280)5665

病院営業二部,190-0022立川市錦町2-4-6　立川錦町SSビル,050(3822)3739 ,042(548)3201

	武蔵野営業所,190-0022立川市錦町2-4-6　立川錦町SSビル,050(3822)3739 ,042(548)3201

	立川営業所,190-0022立川市錦町2-4-6　立川錦町SSビル,050(3822)3754 ,042(548)3201

	山梨営業所,400-0046甲府市下石田2-6-23,050(3822)3792 ,055(230)2820

病院営業三部,112-0002文京区小石川1-1-1　文京ガーデンゲートタワー6F,050(3820)8187 ,03(3815)9433

	本郷営業所,112-0002文京区小石川1-1-1　文京ガーデンゲートタワー6F,050(3820)8187,03(3815)9433

	千代田営業所,112-0002文京区小石川1-1-1　文京ガーデンゲートタワー6F,050(3820)8523 ,03(3815)9680

病院営業四部,112-0002文京区小石川1-1-1　文京ガーデンゲートタワー6F,050(3822)3654 ,03(3815)9433

	文京営業所,112-0002文京区小石川1-1-1　文京ガーデンゲートタワー6F,050(3822)3654,03(3815)9445

	中野営業所,112-0002文京区小石川1-1-1　文京ガーデンゲートタワー6F,050(3822)3675,03(3815)9433

	城東営業所,112-0002文京区小石川1-1-1　文京ガーデンゲートタワー6F,050(3822)3664,03(3815)9121

首都圏GP支店,112-0002文京区小石川1-1-1　文京ガーデンゲートタワー6F,050(3822)2071 ,03(3815)9440

ソリューション営業部,112-0002文京区小石川1-1-1　文京ガーデンゲートタワー6F,050(3822)3450 ,03(3815)9440

C&amp;S営業部,112-0002文京区小石川1-1-1　文京ガーデンゲートタワー6F,050(3822)3493 ,03(3815)9680

AED営業部,112-0002文京区小石川1-1-1　文京ガーデンゲートタワー6Ｆ,050(3822)3499 ,03(3815)9680

千葉営業部,260-0843千葉市中央区末広4-21-21,050(3820)7056,043(208)2011

	千葉第一民間マーケティンググループ,270-2225松戸市東松戸1-3-14,050(3820)7048,047(394)1233

	千葉第二民間マーケティンググループ,260-0843千葉市中央区末広4-21-21,050(3820)7056,043(208)2011

埼玉営業部,336-0024さいたま市南区根岸3-16-17,050(3822)4698,048(862)6692

	埼玉民間マーケティンググループ,336-0024さいたま市南区根岸3-16-17,050(3822)4698 ,048(862)6692

	川越民間マーケティンググループ,350-0811川越市大字小堤907-34,050(3819)4745 ,049(233)7600

東京営業一部,112-0002文京区小石川1-1-1　文京ガーデンゲートタワー6F,050(3822)3704,03(3815)9680

	城北民間マーケティンググループ,112-0002文京区小石川1-1-1　文京ガーデンゲートタワー6F,050(3822)3704 ,03(3815)9680

	城東民間マーケティンググループ,112-0002文京区小石川1-1-1　文京ガーデンゲートタワー6Ｆ,050(3822)3493 ,03(3815)9680

	城西民間マーケティンググループ,112-0002文京区小石川1-1-1　文京ガーデンゲートタワー6Ｆ,050(3822)3715,03(3815)9680

東京営業二部,141-0022品川区東五反田1-11-15　電波ビル3F,050(3822)3728,03(3280)5665

	城南民間マーケティンググループ,141-0022品川区東五反田1-11-15　電波ビル3F,050(3822)3728 ,03(3280)5665

	武蔵野民間マーケティンググループ,190-0022立川市錦町2-4-6　立川錦町SSビル,050(3822)3737 ,042(548)3201

神奈川営業部,240-0005横浜市保土ケ谷区神戸町134横浜ビジネスパークノーススクエアI　2階,045(333)9205,045(333)9206

	横浜第一民間マーケティンググループ,240-0005横浜市保土ケ谷区神戸町134横浜ビジネスパークノーススクエアI　2階,045(333)9205 ,045(333)9206

	横浜第二民間マーケティンググループ,240-0005横浜市保土ケ谷区神戸町134横浜ビジネスパークノーススクエアI　2階,045(333)9205 ,045(333)9206

	厚木民間マーケティンググループ,243-0031厚木市戸室1-9-5,050(3819)4727,046(225)9933

南関東支店,240-0005横浜市保土ケ谷区神戸町134横浜ビジネスパークノーススクエアI　2階,045(333)9119 ,045(333)0388

循環器営業部,240-0005横浜市保土ケ谷区神戸町134横浜ビジネスパークノーススクエアI　2階,045(333)9216 ,045(333)0388

ソリューション営業部,240-0005横浜市保土ケ谷区神戸町134横浜ビジネスパークノーススクエアI　2階,045(333)9119 ,045(333)0388

病院営業部,240-0005横浜市保土ケ谷区神戸町134横浜ビジネスパークノーススクエアI　2階,045(333)9119,045(333)0388

	川崎営業所,240-0005横浜市保土ケ谷区神戸町134横浜ビジネスパークノーススクエアI　2階,045(333)9200 ,045(333)9328

	横浜北営業所,240-0005横浜市保土ケ谷区神戸町134横浜ビジネスパークノーススクエアI　2階,045(333)9201 ,045(333)9207

	横浜西営業所,240-0005横浜市保土ケ谷区神戸町134横浜ビジネスパークノーススクエアI　2階,045(333)9202 ,045(333)9206

	横浜南営業所,240-0005横浜市保土ケ谷区神戸町134横浜ビジネスパークノーススクエアI　2階,045(333)9203 ,045(333)9206

	平塚営業所,243-0031厚木市戸室1-9-5,050(3819)4722,046(225)9933

	相模原営業所,243-0031厚木市戸室1-9-5,050(3819)4726,046(225)9933

医療圏営業部,420-0934静岡市葵区岳美11-3,054(200)3003,054(200)3010

	三島営業所,411-0942駿東郡長泉町中土狩字狭間366-12,050(3816)7065 ,055(986)1131

	静岡営業所,420-0934静岡市葵区岳美11-3,054(200)3003 ,054(200)3010

	浜松営業所,435-0017浜松市東区薬師町5,053(421)6720 ,053(421)6838

中部支店,456-0018名古屋市熱田区新尾頭1-9-12,052(682)3239 ,052(682)3423

循環器営業部,456-0018名古屋市熱田区新尾頭1-9-12,052(682)3235 ,052(682)3395

ソリューション営業部,456-0018名古屋市熱田区新尾頭1-9-12,052(682)3239 ,052(682)3423

病院営業部,456-0018名古屋市熱田区新尾頭1-9-12,052(682)3235,052(682)3395

	愛知第一営業所,456-0018名古屋市熱田区新尾頭1-9-12,052(682)3235 ,052(682)3395

	愛知第二営業所,456-0018名古屋市熱田区新尾頭1-9-12,052(682)3235 ,052(682)3395

	愛知第三営業所,444-0831岡崎市羽根北町5-3-4,0564(71)7008 ,0564(71)7668

医療圏営業部,500-8365岐阜市柳森町2-6,058(274)5756 ,058(274)5764

	岐阜営業所,500-8365岐阜市柳森町2-6,058(274)5756 ,058(274)5764

	三重営業所,514-0008津市上浜町1-6-4,059(226)1760 ,059(226)1890

	金沢営業所,920-0057金沢市桜田町1-100,076(232)7500 ,076(232)0012

	富山営業所,939-8092富山市雄山町7-12,076(491)3351 ,076(491)3353

	福井営業所,918-8237福井市和田東2-104,0776(23)4491 ,0776(23)4495

GP営業部,456-0018名古屋市熱田区新尾頭1-9-12,052(682)8033,052(682)8037

	愛知第一民間マーケティンググループ,456-0018名古屋市熱田区新尾頭1-9-12,052(682)8033,052(682)8037

	愛知第二民間マーケティンググループ,456-0018名古屋市熱田区新尾頭1-9-12,052(682)8033,052(682)8037

関西支社,532-0003大阪市淀川区宮原3-5-36 新大阪トラストタワー6階,050(3820)7035 ,06(6399)6525

循環器営業部,532-0003大阪市淀川区宮原3-5-36 新大阪トラストタワー6階,050(3820)7255 ,06(6399)6525

ソリューション営業部,532-0003大阪市淀川区宮原3-5-36 新大阪トラストタワー6階,050(3820)7103 ,06(6399)6525

病院営業一部,612-8429京都市伏見区竹田西段川原町139,050(3820)7266 ,075(642)3550

	京都第一営業所,612-8429京都市伏見区竹田西段川原町139,050(3820)8594 ,075(642)3550

	京都第二営業所,612-8429京都市伏見区竹田西段川原町139,050(3820)8610,075(642)3550

	滋賀営業所,524-0046守山市今宿4-1-4,050(3820)7270 ,077(581)0656

病院営業二部,532-0003大阪市淀川区宮原3-5-36 新大阪トラストタワー6階,050(3820)7014,06(6399)6526

	大阪第一営業所,532-0003大阪市淀川区宮原3-5-36 新大阪トラストタワー6階,050(3820)3572 ,06(6399)6526

	大阪第二営業所,532-0003大阪市淀川区宮原3-5-36 新大阪トラストタワー6階,050(3820)6562 ,06(6399)6526

	大阪第三営業所,532-0003大阪市淀川区宮原3-5-36 新大阪トラストタワー6階,050(3820)6761 ,06(6399)6526

	大阪中央営業所,532-0003大阪市淀川区宮原3-5-36 新大阪トラストタワー6階,050(3820)7138 ,06(6399)6526

	大阪循環器マーケティンググループ,532-0003大阪市淀川区宮原3-5-36 新大阪トラストタワー6階,050(3820)7202,06(6399)6526

病院営業三部,591-8022堺市北区金岡町3027番地12,050(3820)8555 ,072(252)2866

	南大阪営業所,591-8022堺市北区金岡町3027番地12,050(3820)1624 ,072(252)2866

	奈良営業所,639-1134大和郡山市柳町79-14,050(3820)7383 ,0743(55)2930

	和歌山営業所,640-8125和歌山市島崎町6-6-1,050(3820)7503 ,073(424)5445

病院営業四部,652-0801神戸市兵庫区中道通2-2-8,050(3820)7425,078(578)5801

	神戸第一営業所,652-0801神戸市兵庫区中道通2-2-8,050(3820)8144 ,078(578)5801

	神戸第二営業所,652-0801神戸市兵庫区中道通2-2-8,050(3820)8152 ,078(578)5801

	姫路営業所,670-0965姫路市東延末266-1,050(3820)7468 ,079(282)3961

	神戸循環器マーケティンググループ,652-0801神戸市兵庫区中道通2-2-8,050(3820)8162 ,078(578)5801

GP営業部,532-0003大阪市淀川区宮原3-5-36 新大阪トラストタワー6階,050(3820)8143 ,06(6399)6527

	京都民間マーケティンググループ,612-8429京都市伏見区竹田西段川原町139,050(3820)8667 ,075(642)3550

	北大阪民間マーケティンググループ,532-0003大阪市淀川区宮原3-5-36 新大阪トラストタワー6階,050(3820)6733 ,06(6399)6527

	大阪民間マーケティンググループ,532-0003大阪市淀川区宮原3-5-36 新大阪トラストタワー6階,050(3820)7224 ,06(6399)6527

	阪南民間マーケティンググループ,591-8022堺市北区金岡町3027番地12,050(3820)3207,072(252)2866

	神戸民間マーケティンググループ,652-0801神戸市兵庫区中道通2-2-8,050(3820)8165 ,078(578)5801

中国支店,733-0002広島市西区楠木町3-15-8,050(3819)4755 ,082(237)9051

ソリューション営業部,733-0002広島市西区楠木町3-15-8,050(3819)4763 ,082(237)9051

医療圏営業部,733-0002広島市西区楠木町3-15-8,050(3819)4764,082(237)3275

	循環器営業課,733-0002広島市西区楠木町3-15-8,050(3819)4760,082(237)3275

	岡山営業所,700-0951岡山市北区田中613-11,050(3684)6846 ,086(241)1571

	（米子営業所）,683-0004米子市上福原4-2-17,050(3684)6779 ,0859(22)3500

	山陰営業所,693-0024出雲市塩冶神前3-77-1,050(3684)3987 ,0853(23)3853

	広島営業所,733-0002広島市西区楠木町3-15-8,050(3819)4760 ,082(237)3275

	広島民間マーケティンググループ,733-0002広島市西区楠木町3-15-8,050(3819)4769,082(237)3275

	福山営業所,721-0907福山市春日町1-18-9,050(3684)6743 ,084(945)2018

	山口営業所,754-0029山口市小郡維新町3-7,050(3684)6693 ,083(972)5127

四国支店,791-1102松山市来住町1439-6,050(3822)1538 ,089(958)6010

ソリューション営業部,760-0080高松市木太町459番地,050(3822)1545 ,087(866)4525

医療圏営業部,791-1102松山市来住町1439-6,050(3822)1538 ,089(958)6010

	循環器営業課,760-0080高松市木太町459番地,050(3822)1545,087(866)4525

	松山営業所,791-1102松山市来住町1439-6,050(3822)1538 ,089(958)6010

	高松営業所,760-0080高松市木太町459番地,050(3822)1545 ,087(866)4525

	徳島営業所,770-0005徳島市南矢三町1-279,050(3822)1549 ,088(633)3873

	高知営業所,781-8136高知市一宮西町3-2-24,050(3819)4699 ,088(803)1333

九州支店,812-0007福岡市博多区東比恵2-12-22,050(3822)0419 ,092(474)8226

循環器営業部,812-0007福岡市博多区東比恵2-12-22,050(3822)0441 ,092(411)2165

ソリューション営業部,812-0007福岡市博多区東比恵2-12-22,050(3822)0441 ,092(411)2165

医療圏営業一部,812-0007福岡市博多区東比恵2-12-22,050(3822)1399,092(474)8163

	福岡第一営業所,812-0007福岡市博多区東比恵2-12-22,050(3822)1399 ,092(474)8163

	福岡第二営業所,812-0007福岡市博多区東比恵2-12-22,050(3822)1399 ,092(474)8163

	北九州営業所,802-0802北九州市小倉南区城野3-10-6,050(3819)4754 ,093(921)4289

	久留米営業所,839-0809久留米市東合川3-13-5,050(3822)1453 ,0942(44)2191

	佐賀営業所,849-0937佐賀市鍋島6-9-25,050(3822)1476 ,0952(31)1989

	長崎営業所,851-1132長崎市小江原4-41-2,050(3822)1483 ,095(844)1584

	長崎営業所（佐世保オフィス）,857-1162佐世保市卸本町17-3,050(3822)1427 ,0956(59)7027

	大分営業所,870-0849大分市賀来南2-1-10,050(3822)4976 ,097(540)7335

医療圏営業二部,862-0962熊本市南区田迎2-10-1,050(3822)5457,096(334)8332

	熊本第一営業所,862-0962熊本市南区田迎2-10-1,050(3822)5460 ,096(334)8332

	熊本第二営業所,862-0962熊本市南区田迎2-10-1,050(3822)5460 ,096(334)8332

	宮崎営業所,889-1605宮崎市清武町大字加納甲1862-1,050(3822)5467 ,0985(89)5994

	鹿児島営業所,890-0033鹿児島市西別府町2995-3,050(3822)5477 ,099(296)7314

	沖縄営業所,901-2102浦添市前田3-2-13,050(3822)5478 ,098(873)1820

GP営業部,812-0007福岡市博多区東比恵2-12-22,050(3822)1399,092(474)8163

	福岡民間マーケティンググループ,812-0007福岡市博多区東比恵2-12-22,050(3822)1399 ,092(474)8163

西落合事業所,161-8560東京都新宿区西落合1-31-4,03(5996)8000 （代表）,03(5996)8085 （代表）

所沢事業所,359-8580埼玉県所沢市くすのき台1-11-2　西武第二ビル,03(5996)8000 （代表）,03(5996)8085 （代表）

東日本SC,350-2201埼玉県鶴ヶ島市富士見6-2-20,049(286)4771 ,049(286)4770

西日本SC,564-0054大阪府吹田市芳野町14-33　江坂スクエアビル3F,050(3820)7654 ,06(6338)1031

AS北海道,060-0001北海道札幌市中央区北1条西7-4　パシフィックマークス札幌北1条,050(3684)4293 ,011(280)7333

AS東北,981-3133宮城県仙台市泉区泉中央4-29-7,050(3819)4786 ,022(375)7005

AS東関東,260-0843千葉県千葉市中央区末広4-21-21,050(3822)5583,043(265)2328

AS北関東,336-0024埼玉県さいたま市南区根岸3-19-5,050(3822)4863 ,048(861)7021

AS東京,112-0002東京都文京区小石川1-1-1　文京ガーデンゲートタワー　6F,050(3820)8917 ,03(3818)0854

AS南関東,240-0005神奈川県横浜市保土ヶ谷区神戸町134　横浜ビジネスパークノーススクエアI　2F,045(333)1091 ,045(338)3564

AS中部,456-0018愛知県名古屋市熱田区新尾頭1-9-12,052(682)3477 ,052(682)3479

AS関西,532-0003大阪府大阪市淀川区宮原3-5-36　新大阪トラストタワー6F,050(3820)6794 ,06(6399)6528

AS中国,733-0002広島県広島市西区楠木町3-15-8,050(3684)6649 ,082(237)9056

AS四国,791-1102愛媛県松山市来住町1439-6,050(3822)1639 ,089(958)6010

AS九州,812-0007福岡県福岡市博多区東比恵2-12-24,050(3822)1513 ,092(415)5671

